# Merge Sort Project

### Merge Sort
|16|21|11|8|12|22|
|-|-|-|-|-|-|

*** 2^x = n --> logn ***

|16|21|11|  ******  |8|12|22|
|-|-|-|-------|-|-|-|

|16|**|21|11|******|8|**|12|22|
|-|-------|-|-|--------|-|------|-|-|

|16|**|21|**|11|******|8|**|12|**|22|
|-|-------|-|------|-|--------|-|------|-|-------|-|

*** n ***

|16|**|11|21|******|8|**|12|22|
|-|-------|-|-|--------|-|------|-|-|


|11|16|21|  ******  |8|12|22|
|-|-|-|-------|-|-|-|

|8|11|12|16|21|22|
|-|-|-|-|-|-|

### Big-O Notation
|****n. logn --> O(n.logn)****|
|-|



